0.1104,-0.9939,0.0000
0.1106,-0.9939,0.0000
0.1107,-0.9939,0.0000
0.1108,-0.9938,0.0000
0.1108,-0.9938,0.0000
0.1109,-0.9938,0.0000
0.1110,-0.9938,0.0000
0.1110,-0.9938,0.0000
0.1111,-0.9938,0.0000
0.1111,-0.9938,0.0000
0.1111,-0.9938,0.0000
0.1111,-0.9938,0.0000
0.1111,-0.9938,0.0000
0.1111,-0.9938,0.0000
0.1110,-0.9938,0.0000
0.1110,-0.9938,0.0000
0.1109,-0.9938,0.0000
0.1109,-0.9938,0.0000
0.1108,-0.9938,0.0000
0.1107,-0.9939,0.0000
0.1106,-0.9939,0.0000
0.1104,-0.9939,0.0000
0.1103,-0.9939,0.0000
0.1102,-0.9939,0.0000
0.1100,-0.9939,0.0000
0.1098,-0.9939,0.0000
0.1096,-0.9940,0.0000
0.1095,-0.9940,0.0000
0.1092,-0.9940,0.0000
0.1090,-0.9940,0.0000
0.1088,-0.9941,0.0000
0.1085,-0.9941,0.0000
0.1083,-0.9941,0.0000
0.1080,-0.9942,0.0000
0.1077,-0.9942,0.0000
0.1074,-0.9942,0.0000
0.1071,-0.9942,0.0000
0.1068,-0.9943,0.0000
0.1064,-0.9943,0.0000
0.1061,-0.9944,0.0000
0.1057,-0.9944,0.0000
0.1053,-0.9944,0.0000
0.1049,-0.9945,0.0000
0.1045,-0.9945,0.0000
0.1041,-0.9946,0.0000
0.1037,-0.9946,0.0000
0.1033,-0.9947,0.0000
0.1028,-0.9947,0.0000
0.1023,-0.9948,0.0000
0.1019,-0.9948,0.0000
0.1014,-0.9948,0.0000
0.1009,-0.9949,0.0000
0.1003,-0.9950,0.0000
0.0998,-0.9950,0.0000
0.0993,-0.9951,0.0000
0.0987,-0.9951,0.0000
0.0981,-0.9952,0.0000
0.0976,-0.9952,0.0000
0.0970,-0.9953,0.0000
0.0963,-0.9953,0.0000
0.0957,-0.9954,0.0000
0.0951,-0.9955,0.0000
0.0945,-0.9955,0.0000
0.0938,-0.9956,0.0000
0.0931,-0.9957,0.0000
0.0924,-0.9957,0.0000
0.0917,-0.9958,0.0000
0.0910,-0.9958,0.0000
0.0903,-0.9959,0.0000
0.0896,-0.9960,0.0000
0.0889,-0.9960,0.0000
0.0881,-0.9961,0.0000
0.0873,-0.9962,0.0000
0.0866,-0.9962,0.0000
0.0858,-0.9963,0.0000
0.0850,-0.9964,0.0000
0.0841,-0.9965,0.0000
0.0833,-0.9965,0.0000
0.0825,-0.9966,0.0000
0.0816,-0.9967,0.0000
0.0808,-0.9967,0.0000
0.0799,-0.9968,0.0000
0.0790,-0.9969,0.0000
0.0781,-0.9969,0.0000
0.0772,-0.9970,0.0000
0.0763,-0.9971,0.0000
0.0754,-0.9972,0.0000
0.0744,-0.9972,0.0000
0.0735,-0.9973,0.0000
0.0725,-0.9974,0.0000
0.0716,-0.9974,0.0000
0.0706,-0.9975,0.0000
0.0696,-0.9976,0.0000
0.0686,-0.9976,0.0000
0.0676,-0.9977,0.0000
0.0666,-0.9978,0.0000
0.0656,-0.9978,0.0000
0.0645,-0.9979,0.0000
0.0635,-0.9980,0.0000
0.0624,-0.9980,0.0000
0.0614,-0.9981,0.0000
0.0603,-0.9982,0.0000
0.0592,-0.9982,0.0000
0.0581,-0.9983,0.0000
0.0570,-0.9984,0.0000
0.0559,-0.9984,0.0000
0.0548,-0.9985,0.0000
0.0537,-0.9986,0.0000
0.0525,-0.9986,0.0000
0.0514,-0.9987,0.0000
0.0502,-0.9987,0.0000
0.0491,-0.9988,0.0000
0.0479,-0.9989,0.0000
0.0467,-0.9989,0.0000
0.0456,-0.9990,0.0000
0.0444,-0.9990,0.0000
0.0432,-0.9991,0.0000
0.0420,-0.9991,0.0000
0.0408,-0.9992,0.0000
0.0396,-0.9992,0.0000
0.0384,-0.9993,0.0000
0.0371,-0.9993,0.0000
0.0359,-0.9994,0.0000
0.0347,-0.9994,0.0000
0.0334,-0.9994,0.0000
0.0322,-0.9995,0.0000
0.0309,-0.9995,0.0000
0.0297,-0.9996,0.0000
0.0284,-0.9996,0.0000
0.0272,-0.9996,0.0000
0.0259,-0.9997,0.0000
0.0246,-0.9997,0.0000
0.0234,-0.9997,0.0000
0.0221,-0.9998,0.0000
0.0208,-0.9998,0.0000
0.0195,-0.9998,0.0000
0.0182,-0.9998,0.0000
0.0169,-0.9999,0.0000
0.0156,-0.9999,0.0000
0.0144,-0.9999,0.0000
0.0131,-0.9999,0.0000
0.0118,-0.9999,0.0000
0.0105,-0.9999,0.0000
0.0092,-1.0000,0.0000
0.0078,-1.0000,0.0000
0.0065,-1.0000,0.0000
0.0052,-1.0000,0.0000
0.0039,-1.0000,0.0000
0.0026,-1.0000,0.0000
0.0013,-1.0000,0.0000
0.0000,-1.0000,0.0000
-0.0013,-1.0000,0.0000
-0.0026,-1.0000,0.0000
-0.0039,-1.0000,0.0000
-0.0052,-1.0000,0.0000
-0.0065,-1.0000,0.0000
-0.0078,-1.0000,0.0000
-0.0092,-1.0000,0.0000
-0.0105,-0.9999,0.0000
-0.0118,-0.9999,0.0000
-0.0131,-0.9999,0.0000
-0.0144,-0.9999,0.0000
-0.0156,-0.9999,0.0000
-0.0169,-0.9999,0.0000
-0.0182,-0.9998,0.0000
-0.0195,-0.9998,0.0000
-0.0208,-0.9998,0.0000
-0.0221,-0.9998,0.0000
-0.0234,-0.9997,0.0000
-0.0246,-0.9997,0.0000
-0.0259,-0.9997,0.0000
-0.0272,-0.9996,0.0000
-0.0284,-0.9996,0.0000
-0.0297,-0.9996,0.0000
-0.0309,-0.9995,0.0000
-0.0322,-0.9995,0.0000
-0.0334,-0.9994,0.0000
-0.0347,-0.9994,0.0000
-0.0359,-0.9994,0.0000
-0.0371,-0.9993,0.0000
-0.0384,-0.9993,0.0000
-0.0396,-0.9992,0.0000
-0.0408,-0.9992,0.0000
-0.0420,-0.9991,0.0000
-0.0432,-0.9991,0.0000
-0.0444,-0.9990,0.0000
-0.0456,-0.9990,0.0000
-0.0467,-0.9989,0.0000
-0.0479,-0.9989,0.0000
-0.0491,-0.9988,0.0000
-0.0502,-0.9987,0.0000
-0.0514,-0.9987,0.0000
-0.0525,-0.9986,0.0000
-0.0537,-0.9986,0.0000
-0.0548,-0.9985,0.0000
-0.0559,-0.9984,0.0000
-0.0570,-0.9984,0.0000
-0.0581,-0.9983,0.0000
-0.0592,-0.9982,0.0000
-0.0603,-0.9982,0.0000
-0.0614,-0.9981,0.0000
-0.0624,-0.9980,0.0000
-0.0635,-0.9980,0.0000
-0.0645,-0.9979,0.0000
-0.0656,-0.9978,0.0000
-0.0666,-0.9978,0.0000
-0.0676,-0.9977,0.0000
-0.0686,-0.9976,0.0000
-0.0696,-0.9976,0.0000
-0.0706,-0.9975,0.0000
-0.0716,-0.9974,0.0000
-0.0725,-0.9974,0.0000
-0.0735,-0.9973,0.0000
-0.0744,-0.9972,0.0000
-0.0754,-0.9972,0.0000
-0.0763,-0.9971,0.0000
-0.0772,-0.9970,0.0000
-0.0781,-0.9969,0.0000
-0.0790,-0.9969,0.0000
-0.0799,-0.9968,0.0000
-0.0808,-0.9967,0.0000
-0.0816,-0.9967,0.0000
-0.0825,-0.9966,0.0000
-0.0833,-0.9965,0.0000
-0.0841,-0.9965,0.0000
-0.0850,-0.9964,0.0000
-0.0858,-0.9963,0.0000
-0.0866,-0.9962,0.0000
-0.0873,-0.9962,0.0000
-0.0881,-0.9961,0.0000
-0.0889,-0.9960,0.0000
-0.0896,-0.9960,0.0000
-0.0903,-0.9959,0.0000
-0.0910,-0.9958,0.0000
-0.0917,-0.9958,0.0000
-0.0924,-0.9957,0.0000
-0.0931,-0.9957,0.0000
-0.0938,-0.9956,0.0000
-0.0945,-0.9955,0.0000
-0.0951,-0.9955,0.0000
-0.0957,-0.9954,0.0000
-0.0963,-0.9953,0.0000
-0.0970,-0.9953,0.0000
-0.0976,-0.9952,0.0000
-0.0981,-0.9952,0.0000
-0.0987,-0.9951,0.0000
-0.0993,-0.9951,0.0000
-0.0998,-0.9950,0.0000
-0.1003,-0.9950,0.0000
-0.1009,-0.9949,0.0000
-0.1014,-0.9948,0.0000
-0.1019,-0.9948,0.0000
-0.1023,-0.9948,0.0000
-0.1028,-0.9947,0.0000
-0.1033,-0.9947,0.0000
-0.1037,-0.9946,0.0000
-0.1041,-0.9946,0.0000
-0.1045,-0.9945,0.0000
-0.1049,-0.9945,0.0000
-0.1053,-0.9944,0.0000
-0.1057,-0.9944,0.0000
-0.1061,-0.9944,0.0000
-0.1064,-0.9943,0.0000
-0.1068,-0.9943,0.0000
-0.1071,-0.9942,0.0000
-0.1074,-0.9942,0.0000
-0.1077,-0.9942,0.0000
-0.1080,-0.9942,0.0000
-0.1083,-0.9941,0.0000
-0.1085,-0.9941,0.0000
-0.1088,-0.9941,0.0000
-0.1090,-0.9940,0.0000
-0.1092,-0.9940,0.0000
-0.1095,-0.9940,0.0000
-0.1096,-0.9940,0.0000
-0.1098,-0.9939,0.0000
-0.1100,-0.9939,0.0000
-0.1102,-0.9939,0.0000
-0.1103,-0.9939,0.0000
-0.1104,-0.9939,0.0000
-0.1106,-0.9939,0.0000
-0.1107,-0.9939,0.0000
-0.1108,-0.9938,0.0000
-0.1109,-0.9938,0.0000
-0.1109,-0.9938,0.0000
-0.1110,-0.9938,0.0000
-0.1110,-0.9938,0.0000
-0.1111,-0.9938,0.0000
-0.1111,-0.9938,0.0000
-0.1111,-0.9938,0.0000
-0.1111,-0.9938,0.0000
-0.1111,-0.9938,0.0000
-0.1111,-0.9938,0.0000
-0.1110,-0.9938,0.0000
-0.1110,-0.9938,0.0000
-0.1109,-0.9938,0.0000
-0.1108,-0.9938,0.0000
-0.1108,-0.9938,0.0000
-0.1107,-0.9939,0.0000
-0.1106,-0.9939,0.0000
-0.1104,-0.9939,0.0000
-0.1103,-0.9939,0.0000
-0.1102,-0.9939,0.0000
-0.1100,-0.9939,0.0000
-0.1098,-0.9940,0.0000
-0.1097,-0.9940,0.0000
-0.1095,-0.9940,0.0000
-0.1093,-0.9940,0.0000
-0.1090,-0.9940,0.0000
-0.1088,-0.9941,0.0000
-0.1086,-0.9941,0.0000
-0.1083,-0.9941,0.0000
-0.1081,-0.9941,0.0000
-0.1078,-0.9942,0.0000
-0.1075,-0.9942,0.0000
-0.1072,-0.9942,0.0000
-0.1069,-0.9943,0.0000
-0.1066,-0.9943,0.0000
-0.1063,-0.9943,0.0000
-0.1060,-0.9944,0.0000
-0.1056,-0.9944,0.0000
-0.1053,-0.9944,0.0000
-0.1049,-0.9945,0.0000
-0.1045,-0.9945,0.0000
-0.1042,-0.9946,0.0000
-0.1038,-0.9946,0.0000
-0.1034,-0.9946,0.0000
-0.1029,-0.9947,0.0000
-0.1025,-0.9947,0.0000
-0.1021,-0.9948,0.0000
-0.1016,-0.9948,0.0000
-0.1012,-0.9949,0.0000
-0.1007,-0.9949,0.0000
-0.1002,-0.9950,0.0000
-0.0998,-0.9950,0.0000
-0.0993,-0.9951,0.0000
-0.0988,-0.9951,0.0000
-0.0983,-0.9952,0.0000
-0.0977,-0.9952,0.0000
-0.0972,-0.9953,0.0000
-0.0967,-0.9953,0.0000
-0.0961,-0.9954,0.0000
-0.0956,-0.9954,0.0000
-0.0950,-0.9955,0.0000
-0.0944,-0.9955,0.0000
-0.0938,-0.9956,0.0000
-0.0932,-0.9956,0.0000
-0.0926,-0.9957,0.0000
-0.0920,-0.9958,0.0000
-0.0914,-0.9958,0.0000
-0.0908,-0.9959,0.0000
-0.0901,-0.9959,0.0000
-0.0895,-0.9960,0.0000
-0.0889,-0.9960,0.0000
-0.0882,-0.9961,0.0000
-0.0875,-0.9962,0.0000
-0.0869,-0.9962,0.0000
-0.0862,-0.9963,0.0000
-0.0855,-0.9963,0.0000
-0.0848,-0.9964,0.0000
-0.0841,-0.9965,0.0000
-0.0834,-0.9965,0.0000
-0.0826,-0.9966,0.0000
-0.0819,-0.9966,0.0000
-0.0812,-0.9967,0.0000
-0.0804,-0.9968,0.0000
-0.0797,-0.9968,0.0000
-0.0789,-0.9969,0.0000
-0.0782,-0.9969,0.0000
-0.0774,-0.9970,0.0000
-0.0766,-0.9971,0.0000
-0.0758,-0.9971,0.0000
-0.0751,-0.9972,0.0000
-0.0743,-0.9972,0.0000
-0.0735,-0.9973,0.0000
-0.0727,-0.9974,0.0000
-0.0718,-0.9974,0.0000
-0.0710,-0.9975,0.0000
-0.0702,-0.9975,0.0000
-0.0694,-0.9976,0.0000
-0.0685,-0.9977,0.0000
-0.0677,-0.9977,0.0000
-0.0668,-0.9978,0.0000
-0.0660,-0.9978,0.0000
-0.0651,-0.9979,0.0000
-0.0642,-0.9979,0.0000
-0.0634,-0.9980,0.0000
-0.0625,-0.9980,0.0000
-0.0616,-0.9981,0.0000
-0.0607,-0.9982,0.0000
-0.0598,-0.9982,0.0000
-0.0589,-0.9983,0.0000
-0.0580,-0.9983,0.0000
-0.0571,-0.9984,0.0000
-0.0562,-0.9984,0.0000
-0.0553,-0.9985,0.0000
-0.0543,-0.9985,0.0000
-0.0534,-0.9986,0.0000
-0.0525,-0.9986,0.0000
-0.0516,-0.9987,0.0000
-0.0506,-0.9987,0.0000
-0.0497,-0.9988,0.0000
-0.0487,-0.9988,0.0000
-0.0478,-0.9989,0.0000
-0.0468,-0.9989,0.0000
-0.0459,-0.9989,0.0000
-0.0449,-0.9990,0.0000
-0.0439,-0.9990,0.0000
-0.0429,-0.9991,0.0000
-0.0420,-0.9991,0.0000
-0.0410,-0.9992,0.0000
-0.0400,-0.9992,0.0000
-0.0390,-0.9992,0.0000
-0.0380,-0.9993,0.0000
-0.0370,-0.9993,0.0000
-0.0361,-0.9993,0.0000
-0.0351,-0.9994,0.0000
-0.0341,-0.9994,0.0000
-0.0331,-0.9995,0.0000
-0.0320,-0.9995,0.0000
-0.0310,-0.9995,0.0000
-0.0300,-0.9995,0.0000
-0.0290,-0.9996,0.0000
-0.0280,-0.9996,0.0000
-0.0270,-0.9996,0.0000
-0.0260,-0.9997,0.0000
-0.0249,-0.9997,0.0000
-0.0239,-0.9997,0.0000
-0.0229,-0.9997,0.0000
-0.0219,-0.9998,0.0000
-0.0208,-0.9998,0.0000
-0.0198,-0.9998,0.0000
-0.0188,-0.9998,0.0000
-0.0177,-0.9998,0.0000
-0.0167,-0.9999,0.0000
-0.0157,-0.9999,0.0000
-0.0146,-0.9999,0.0000
-0.0136,-0.9999,0.0000
-0.0125,-0.9999,0.0000
-0.0115,-0.9999,0.0000
-0.0105,-0.9999,0.0000
-0.0094,-1.0000,0.0000
-0.0084,-1.0000,0.0000
-0.0073,-1.0000,0.0000
-0.0063,-1.0000,0.0000
-0.0052,-1.0000,0.0000
-0.0042,-1.0000,0.0000
-0.0031,-1.0000,0.0000
-0.0021,-1.0000,0.0000
-0.0010,-1.0000,0.0000
-0.0000,-1.0000,0.0000
0.0010,-1.0000,0.0000
0.0021,-1.0000,0.0000
0.0031,-1.0000,0.0000
0.0042,-1.0000,0.0000
0.0052,-1.0000,0.0000
0.0063,-1.0000,0.0000
0.0073,-1.0000,0.0000
0.0084,-1.0000,0.0000
0.0094,-1.0000,0.0000
0.0105,-0.9999,0.0000
0.0115,-0.9999,0.0000
0.0125,-0.9999,0.0000
0.0136,-0.9999,0.0000
0.0146,-0.9999,0.0000
0.0157,-0.9999,0.0000
0.0167,-0.9999,0.0000
0.0177,-0.9998,0.0000
0.0188,-0.9998,0.0000
0.0198,-0.9998,0.0000
0.0208,-0.9998,0.0000
0.0219,-0.9998,0.0000
0.0229,-0.9997,0.0000
0.0239,-0.9997,0.0000
0.0249,-0.9997,0.0000
0.0260,-0.9997,0.0000
0.0270,-0.9996,0.0000
0.0280,-0.9996,0.0000
0.0290,-0.9996,0.0000
0.0300,-0.9995,0.0000
0.0310,-0.9995,0.0000
0.0320,-0.9995,0.0000
0.0331,-0.9995,0.0000
0.0341,-0.9994,0.0000
0.0351,-0.9994,0.0000
0.0361,-0.9993,0.0000
0.0370,-0.9993,0.0000
0.0380,-0.9993,0.0000
0.0390,-0.9992,0.0000
0.0400,-0.9992,0.0000
0.0410,-0.9992,0.0000
0.0420,-0.9991,0.0000
0.0429,-0.9991,0.0000
0.0439,-0.9990,0.0000
0.0449,-0.9990,0.0000
0.0459,-0.9989,0.0000
0.0468,-0.9989,0.0000
0.0478,-0.9989,0.0000
0.0487,-0.9988,0.0000
0.0497,-0.9988,0.0000
0.0506,-0.9987,0.0000
0.0516,-0.9987,0.0000
0.0525,-0.9986,0.0000
0.0534,-0.9986,0.0000
0.0543,-0.9985,0.0000
0.0553,-0.9985,0.0000
0.0562,-0.9984,0.0000
0.0571,-0.9984,0.0000
0.0580,-0.9983,0.0000
0.0589,-0.9983,0.0000
0.0598,-0.9982,0.0000
0.0607,-0.9982,0.0000
0.0616,-0.9981,0.0000
0.0625,-0.9980,0.0000
0.0634,-0.9980,0.0000
0.0642,-0.9979,0.0000
0.0651,-0.9979,0.0000
0.0660,-0.9978,0.0000
0.0668,-0.9978,0.0000
0.0677,-0.9977,0.0000
0.0685,-0.9977,0.0000
0.0694,-0.9976,0.0000
0.0702,-0.9975,0.0000
0.0710,-0.9975,0.0000
0.0718,-0.9974,0.0000
0.0727,-0.9974,0.0000
0.0735,-0.9973,0.0000
0.0743,-0.9972,0.0000
0.0751,-0.9972,0.0000
0.0758,-0.9971,0.0000
0.0766,-0.9971,0.0000
0.0774,-0.9970,0.0000
0.0782,-0.9969,0.0000
0.0789,-0.9969,0.0000
0.0797,-0.9968,0.0000
0.0804,-0.9968,0.0000
0.0812,-0.9967,0.0000
0.0819,-0.9966,0.0000
0.0826,-0.9966,0.0000
0.0834,-0.9965,0.0000
0.0841,-0.9965,0.0000
0.0848,-0.9964,0.0000
0.0855,-0.9963,0.0000
0.0862,-0.9963,0.0000
0.0869,-0.9962,0.0000
0.0875,-0.9962,0.0000
0.0882,-0.9961,0.0000
0.0889,-0.9960,0.0000
0.0895,-0.9960,0.0000
0.0901,-0.9959,0.0000
0.0908,-0.9959,0.0000
0.0914,-0.9958,0.0000
0.0920,-0.9958,0.0000
0.0926,-0.9957,0.0000
0.0932,-0.9956,0.0000
0.0938,-0.9956,0.0000
0.0944,-0.9955,0.0000
0.0950,-0.9955,0.0000
0.0956,-0.9954,0.0000
0.0961,-0.9954,0.0000
0.0967,-0.9953,0.0000
0.0972,-0.9953,0.0000
0.0977,-0.9952,0.0000
0.0983,-0.9952,0.0000
0.0988,-0.9951,0.0000
0.0993,-0.9951,0.0000
0.0998,-0.9950,0.0000
0.1002,-0.9950,0.0000
0.1007,-0.9949,0.0000
0.1012,-0.9949,0.0000
0.1016,-0.9948,0.0000
0.1021,-0.9948,0.0000
0.1025,-0.9947,0.0000
0.1029,-0.9947,0.0000
0.1034,-0.9946,0.0000
0.1038,-0.9946,0.0000
0.1042,-0.9946,0.0000
0.1045,-0.9945,0.0000
0.1049,-0.9945,0.0000
0.1053,-0.9944,0.0000
0.1056,-0.9944,0.0000
0.1060,-0.9944,0.0000
0.1063,-0.9943,0.0000
0.1066,-0.9943,0.0000
0.1069,-0.9943,0.0000
0.1072,-0.9942,0.0000
0.1075,-0.9942,0.0000
0.1078,-0.9942,0.0000
0.1081,-0.9941,0.0000
0.1083,-0.9941,0.0000
0.1086,-0.9941,0.0000
0.1088,-0.9941,0.0000
0.1090,-0.9940,0.0000
0.1093,-0.9940,0.0000
0.1095,-0.9940,0.0000
0.1097,-0.9940,0.0000
0.1098,-0.9940,0.0000
0.1100,-0.9939,0.0000
0.1102,-0.9939,0.0000
0.1103,-0.9939,0.0000
