0.8321,-0.5547,0.0000
0.8361,-0.5486,0.0000
0.8400,-0.5425,0.0000
0.8440,-0.5364,0.0000
0.8479,-0.5302,0.0000
0.8517,-0.5240,0.0000
0.8556,-0.5177,0.0000
0.8594,-0.5113,0.0000
0.8631,-0.5050,0.0000
0.8669,-0.4985,0.0000
0.8706,-0.4921,0.0000
0.8742,-0.4855,0.0000
0.8778,-0.4790,0.0000
0.8814,-0.4724,0.0000
0.8849,-0.4657,0.0000
0.8885,-0.4590,0.0000
0.8919,-0.4522,0.0000
0.8953,-0.4454,0.0000
0.8987,-0.4385,0.0000
0.9021,-0.4316,0.0000
0.9054,-0.4246,0.0000
0.9086,-0.4176,0.0000
0.9118,-0.4105,0.0000
0.9150,-0.4034,0.0000
0.9182,-0.3962,0.0000
0.9212,-0.3890,0.0000
0.9243,-0.3817,0.0000
0.9273,-0.3744,0.0000
0.9302,-0.3670,0.0000
0.9331,-0.3595,0.0000
0.9360,-0.3520,0.0000
0.9388,-0.3444,0.0000
0.9416,-0.3368,0.0000
0.9443,-0.3291,0.0000
0.9470,-0.3214,0.0000
0.9496,-0.3136,0.0000
0.9521,-0.3057,0.0000
0.9546,-0.2978,0.0000
0.9571,-0.2898,0.0000
0.9595,-0.2818,0.0000
0.9618,-0.2737,0.0000
0.9641,-0.2655,0.0000
0.9663,-0.2573,0.0000
0.9685,-0.2490,0.0000
0.9706,-0.2406,0.0000
0.9727,-0.2322,0.0000
0.9747,-0.2237,0.0000
0.9766,-0.2151,0.0000
0.9785,-0.2065,0.0000
0.9803,-0.1978,0.0000
0.9820,-0.1890,0.0000
0.9836,-0.1801,0.0000
0.9852,-0.1712,0.0000
0.9868,-0.1622,0.0000
0.9882,-0.1531,0.0000
0.9896,-0.1440,0.0000
0.9909,-0.1348,0.0000
0.9921,-0.1254,0.0000
0.9932,-0.1161,0.0000
0.9943,-0.1066,0.0000
0.9953,-0.0970,0.0000
0.9962,-0.0874,0.0000
0.9970,-0.0777,0.0000
0.9977,-0.0679,0.0000
0.9983,-0.0580,0.0000
0.9988,-0.0480,0.0000
0.9993,-0.0379,0.0000
0.9996,-0.0278,0.0000
0.9998,-0.0175,0.0000
1.0000,-0.0071,0.0000
1.0000,0.0033,0.0000
0.9999,0.0139,0.0000
0.9997,0.0245,0.0000
0.9994,0.0353,0.0000
0.9989,0.0461,0.0000
0.9984,0.0571,0.0000
0.9977,0.0682,0.0000
0.9968,0.0793,0.0000
0.9959,0.0906,0.0000
0.9948,0.1020,0.0000
0.9935,0.1136,0.0000
0.9921,0.1252,0.0000
0.9906,0.1369,0.0000
0.9889,0.1488,0.0000
0.9870,0.1608,0.0000
0.9849,0.1729,0.0000
0.9827,0.1851,0.0000
0.9803,0.1975,0.0000
0.9777,0.2100,0.0000
0.9749,0.2226,0.0000
0.9719,0.2354,0.0000
0.9687,0.2483,0.0000
0.9653,0.2613,0.0000
0.9616,0.2744,0.0000
0.9577,0.2877,0.0000
0.9536,0.3012,0.0000
0.9492,0.3147,0.0000
0.9445,0.3284,0.0000
0.9396,0.3423,0.0000
0.9344,0.3562,0.0000
0.9289,0.3704,0.0000
0.9231,0.3846,0.0000
0.9169,0.3990,0.0000
0.9105,0.4135,0.0000
0.9037,0.4282,0.0000
0.8965,0.4430,0.0000
0.8890,0.4579,0.0000
0.8811,0.4730,0.0000
0.8727,0.4882,0.0000
0.8640,0.5035,0.0000
0.8549,0.5189,0.0000
0.8452,0.5344,0.0000
0.8352,0.5500,0.0000
0.8246,0.5657,0.0000
0.8136,0.5815,0.0000
0.8020,0.5973,0.0000
0.7899,0.6132,0.0000
0.7772,0.6292,0.0000
0.7640,0.6452,0.0000
0.7502,0.6612,0.0000
0.7358,0.6772,0.0000
0.7208,0.6932,0.0000
0.7051,0.7091,0.0000
0.6888,0.7249,0.0000
0.6718,0.7407,0.0000
0.6542,0.7564,0.0000
0.6358,0.7719,0.0000
0.6167,0.7872,0.0000
0.5969,0.8023,0.0000
0.5764,0.8172,0.0000
0.5552,0.8317,0.0000
0.5332,0.8460,0.0000
0.5105,0.8599,0.0000
0.4871,0.8734,0.0000
0.4629,0.8864,0.0000
0.4381,0.8989,0.0000
0.4125,0.9110,0.0000
0.3863,0.9224,0.0000
0.3594,0.9332,0.0000
0.3319,0.9433,0.0000
0.3038,0.9527,0.0000
0.2751,0.9614,0.0000
0.2459,0.9693,0.0000
0.2163,0.9763,0.0000
0.1862,0.9825,0.0000
0.1557,0.9878,0.0000
0.1250,0.9922,0.0000
0.0940,0.9956,0.0000
0.0627,0.9980,0.0000
0.0314,0.9995,0.0000
0.0000,1.0000,0.0000
-0.0314,0.9995,0.0000
-0.0627,0.9980,0.0000
-0.0940,0.9956,0.0000
-0.1250,0.9922,0.0000
-0.1557,0.9878,0.0000
-0.1862,0.9825,0.0000
-0.2163,0.9763,0.0000
-0.2459,0.9693,0.0000
-0.2751,0.9614,0.0000
-0.3038,0.9527,0.0000
-0.3319,0.9433,0.0000
-0.3594,0.9332,0.0000
-0.3863,0.9224,0.0000
-0.4125,0.9110,0.0000
-0.4381,0.8989,0.0000
-0.4629,0.8864,0.0000
-0.4871,0.8734,0.0000
-0.5105,0.8599,0.0000
-0.5332,0.8460,0.0000
-0.5552,0.8317,0.0000
-0.5764,0.8172,0.0000
-0.5969,0.8023,0.0000
-0.6167,0.7872,0.0000
-0.6358,0.7719,0.0000
-0.6542,0.7564,0.0000
-0.6718,0.7407,0.0000
-0.6888,0.7249,0.0000
-0.7051,0.7091,0.0000
-0.7208,0.6932,0.0000
-0.7358,0.6772,0.0000
-0.7502,0.6612,0.0000
-0.7640,0.6452,0.0000
-0.7772,0.6292,0.0000
-0.7899,0.6132,0.0000
-0.8020,0.5973,0.0000
-0.8136,0.5815,0.0000
-0.8246,0.5657,0.0000
-0.8352,0.5500,0.0000
-0.8452,0.5344,0.0000
-0.8549,0.5189,0.0000
-0.8640,0.5035,0.0000
-0.8727,0.4882,0.0000
-0.8811,0.4730,0.0000
-0.8890,0.4579,0.0000
-0.8965,0.4430,0.0000
-0.9037,0.4282,0.0000
-0.9105,0.4135,0.0000
-0.9169,0.3990,0.0000
-0.9231,0.3846,0.0000
-0.9289,0.3704,0.0000
-0.9344,0.3562,0.0000
-0.9396,0.3423,0.0000
-0.9445,0.3284,0.0000
-0.9492,0.3147,0.0000
-0.9536,0.3012,0.0000
-0.9577,0.2877,0.0000
-0.9616,0.2744,0.0000
-0.9653,0.2613,0.0000
-0.9687,0.2483,0.0000
-0.9719,0.2354,0.0000
-0.9749,0.2226,0.0000
-0.9777,0.2100,0.0000
-0.9803,0.1975,0.0000
-0.9827,0.1851,0.0000
-0.9849,0.1729,0.0000
-0.9870,0.1608,0.0000
-0.9889,0.1488,0.0000
-0.9906,0.1369,0.0000
-0.9921,0.1252,0.0000
-0.9935,0.1136,0.0000
-0.9948,0.1020,0.0000
-0.9959,0.0906,0.0000
-0.9968,0.0793,0.0000
-0.9977,0.0682,0.0000
-0.9984,0.0571,0.0000
-0.9989,0.0461,0.0000
-0.9994,0.0353,0.0000
-0.9997,0.0245,0.0000
-0.9999,0.0139,0.0000
-1.0000,0.0033,0.0000
-1.0000,-0.0071,0.0000
-0.9998,-0.0175,0.0000
-0.9996,-0.0278,0.0000
-0.9993,-0.0379,0.0000
-0.9988,-0.0480,0.0000
-0.9983,-0.0580,0.0000
-0.9977,-0.0679,0.0000
-0.9970,-0.0777,0.0000
-0.9962,-0.0874,0.0000
-0.9953,-0.0970,0.0000
-0.9943,-0.1066,0.0000
-0.9932,-0.1161,0.0000
-0.9921,-0.1254,0.0000
-0.9909,-0.1348,0.0000
-0.9896,-0.1440,0.0000
-0.9882,-0.1531,0.0000
-0.9868,-0.1622,0.0000
-0.9852,-0.1712,0.0000
-0.9836,-0.1801,0.0000
-0.9820,-0.1890,0.0000
-0.9803,-0.1978,0.0000
-0.9785,-0.2065,0.0000
-0.9766,-0.2151,0.0000
-0.9747,-0.2237,0.0000
-0.9727,-0.2322,0.0000
-0.9706,-0.2406,0.0000
-0.9685,-0.2490,0.0000
-0.9663,-0.2573,0.0000
-0.9641,-0.2655,0.0000
-0.9618,-0.2737,0.0000
-0.9595,-0.2818,0.0000
-0.9571,-0.2898,0.0000
-0.9546,-0.2978,0.0000
-0.9521,-0.3057,0.0000
-0.9496,-0.3136,0.0000
-0.9470,-0.3214,0.0000
-0.9443,-0.3291,0.0000
-0.9416,-0.3368,0.0000
-0.9388,-0.3444,0.0000
-0.9360,-0.3520,0.0000
-0.9331,-0.3595,0.0000
-0.9302,-0.3670,0.0000
-0.9273,-0.3744,0.0000
-0.9243,-0.3817,0.0000
-0.9212,-0.3890,0.0000
-0.9182,-0.3962,0.0000
-0.9150,-0.4034,0.0000
-0.9118,-0.4105,0.0000
-0.9086,-0.4176,0.0000
-0.9054,-0.4246,0.0000
-0.9021,-0.4316,0.0000
-0.8987,-0.4385,0.0000
-0.8953,-0.4454,0.0000
-0.8919,-0.4522,0.0000
-0.8885,-0.4590,0.0000
-0.8849,-0.4657,0.0000
-0.8814,-0.4724,0.0000
-0.8778,-0.4790,0.0000
-0.8742,-0.4855,0.0000
-0.8706,-0.4921,0.0000
-0.8669,-0.4985,0.0000
-0.8631,-0.5050,0.0000
-0.8594,-0.5113,0.0000
-0.8556,-0.5177,0.0000
-0.8517,-0.5240,0.0000
-0.8479,-0.5302,0.0000
-0.8440,-0.5364,0.0000
-0.8400,-0.5425,0.0000
-0.8361,-0.5486,0.0000
-0.8321,-0.5547,0.0000
-0.8280,-0.5607,0.0000
-0.8239,-0.5667,0.0000
-0.8198,-0.5726,0.0000
-0.8157,-0.5785,0.0000
-0.8115,-0.5843,0.0000
-0.8073,-0.5901,0.0000
-0.8031,-0.5958,0.0000
-0.7989,-0.6015,0.0000
-0.7946,-0.6072,0.0000
-0.7902,-0.6128,0.0000
-0.7859,-0.6184,0.0000
-0.7815,-0.6239,0.0000
-0.7771,-0.6294,0.0000
-0.7727,-0.6348,0.0000
-0.7682,-0.6402,0.0000
-0.7637,-0.6455,0.0000
-0.7592,-0.6509,0.0000
-0.7546,-0.6561,0.0000
-0.7501,-0.6614,0.0000
-0.7455,-0.6665,0.0000
-0.7408,-0.6717,0.0000
-0.7362,-0.6768,0.0000
-0.7315,-0.6818,0.0000
-0.7268,-0.6869,0.0000
-0.7221,-0.6918,0.0000
-0.7173,-0.6968,0.0000
-0.7125,-0.7017,0.0000
-0.7077,-0.7065,0.0000
-0.7029,-0.7113,0.0000
-0.6980,-0.7161,0.0000
-0.6931,-0.7208,0.0000
-0.6882,-0.7255,0.0000
-0.6833,-0.7301,0.0000
-0.6783,-0.7348,0.0000
-0.6734,-0.7393,0.0000
-0.6684,-0.7438,0.0000
-0.6633,-0.7483,0.0000
-0.6583,-0.7528,0.0000
-0.6532,-0.7572,0.0000
-0.6481,-0.7615,0.0000
-0.6430,-0.7659,0.0000
-0.6379,-0.7701,0.0000
-0.6327,-0.7744,0.0000
-0.6275,-0.7786,0.0000
-0.6223,-0.7827,0.0000
-0.6171,-0.7869,0.0000
-0.6119,-0.7909,0.0000
-0.6066,-0.7950,0.0000
-0.6013,-0.7990,0.0000
-0.5960,-0.8030,0.0000
-0.5907,-0.8069,0.0000
-0.5854,-0.8108,0.0000
-0.5800,-0.8146,0.0000
-0.5746,-0.8184,0.0000
-0.5692,-0.8222,0.0000
-0.5638,-0.8259,0.0000
-0.5584,-0.8296,0.0000
-0.5529,-0.8332,0.0000
-0.5475,-0.8368,0.0000
-0.5420,-0.8404,0.0000
-0.5365,-0.8439,0.0000
-0.5310,-0.8474,0.0000
-0.5254,-0.8508,0.0000
-0.5199,-0.8543,0.0000
-0.5143,-0.8576,0.0000
-0.5087,-0.8610,0.0000
-0.5031,-0.8642,0.0000
-0.4975,-0.8675,0.0000
-0.4918,-0.8707,0.0000
-0.4862,-0.8739,0.0000
-0.4805,-0.8770,0.0000
-0.4748,-0.8801,0.0000
-0.4691,-0.8831,0.0000
-0.4634,-0.8862,0.0000
-0.4577,-0.8891,0.0000
-0.4519,-0.8921,0.0000
-0.4461,-0.8950,0.0000
-0.4404,-0.8978,0.0000
-0.4346,-0.9006,0.0000
-0.4288,-0.9034,0.0000
-0.4230,-0.9061,0.0000
-0.4171,-0.9088,0.0000
-0.4113,-0.9115,0.0000
-0.4054,-0.9141,0.0000
-0.3996,-0.9167,0.0000
-0.3937,-0.9192,0.0000
-0.3878,-0.9217,0.0000
-0.3819,-0.9242,0.0000
-0.3760,-0.9266,0.0000
-0.3700,-0.9290,0.0000
-0.3641,-0.9314,0.0000
-0.3581,-0.9337,0.0000
-0.3522,-0.9359,0.0000
-0.3462,-0.9382,0.0000
-0.3402,-0.9403,0.0000
-0.3342,-0.9425,0.0000
-0.3282,-0.9446,0.0000
-0.3222,-0.9467,0.0000
-0.3162,-0.9487,0.0000
-0.3101,-0.9507,0.0000
-0.3041,-0.9526,0.0000
-0.2980,-0.9546,0.0000
-0.2920,-0.9564,0.0000
-0.2859,-0.9583,0.0000
-0.2798,-0.9601,0.0000
-0.2737,-0.9618,0.0000
-0.2676,-0.9635,0.0000
-0.2615,-0.9652,0.0000
-0.2554,-0.9668,0.0000
-0.2493,-0.9684,0.0000
-0.2431,-0.9700,0.0000
-0.2370,-0.9715,0.0000
-0.2308,-0.9730,0.0000
-0.2247,-0.9744,0.0000
-0.2185,-0.9758,0.0000
-0.2124,-0.9772,0.0000
-0.2062,-0.9785,0.0000
-0.2000,-0.9798,0.0000
-0.1938,-0.9810,0.0000
-0.1876,-0.9822,0.0000
-0.1814,-0.9834,0.0000
-0.1752,-0.9845,0.0000
-0.1690,-0.9856,0.0000
-0.1628,-0.9867,0.0000
-0.1566,-0.9877,0.0000
-0.1504,-0.9886,0.0000
-0.1441,-0.9896,0.0000
-0.1379,-0.9904,0.0000
-0.1316,-0.9913,0.0000
-0.1254,-0.9921,0.0000
-0.1192,-0.9929,0.0000
-0.1129,-0.9936,0.0000
-0.1067,-0.9943,0.0000
-0.1004,-0.9949,0.0000
-0.0941,-0.9956,0.0000
-0.0879,-0.9961,0.0000
-0.0816,-0.9967,0.0000
-0.0753,-0.9972,0.0000
-0.0691,-0.9976,0.0000
-0.0628,-0.9980,0.0000
-0.0565,-0.9984,0.0000
-0.0502,-0.9987,0.0000
-0.0440,-0.9990,0.0000
-0.0377,-0.9993,0.0000
-0.0314,-0.9995,0.0000
-0.0251,-0.9997,0.0000
-0.0188,-0.9998,0.0000
-0.0126,-0.9999,0.0000
-0.0063,-1.0000,0.0000
-0.0000,-1.0000,0.0000
0.0063,-1.0000,0.0000
0.0126,-0.9999,0.0000
0.0188,-0.9998,0.0000
0.0251,-0.9997,0.0000
0.0314,-0.9995,0.0000
0.0377,-0.9993,0.0000
0.0440,-0.9990,0.0000
0.0502,-0.9987,0.0000
0.0565,-0.9984,0.0000
0.0628,-0.9980,0.0000
0.0691,-0.9976,0.0000
0.0753,-0.9972,0.0000
0.0816,-0.9967,0.0000
0.0879,-0.9961,0.0000
0.0941,-0.9956,0.0000
0.1004,-0.9949,0.0000
0.1067,-0.9943,0.0000
0.1129,-0.9936,0.0000
0.1192,-0.9929,0.0000
0.1254,-0.9921,0.0000
0.1316,-0.9913,0.0000
0.1379,-0.9904,0.0000
0.1441,-0.9896,0.0000
0.1504,-0.9886,0.0000
0.1566,-0.9877,0.0000
0.1628,-0.9867,0.0000
0.1690,-0.9856,0.0000
0.1752,-0.9845,0.0000
0.1814,-0.9834,0.0000
0.1876,-0.9822,0.0000
0.1938,-0.9810,0.0000
0.2000,-0.9798,0.0000
0.2062,-0.9785,0.0000
0.2124,-0.9772,0.0000
0.2185,-0.9758,0.0000
0.2247,-0.9744,0.0000
0.2308,-0.9730,0.0000
0.2370,-0.9715,0.0000
0.2431,-0.9700,0.0000
0.2493,-0.9684,0.0000
0.2554,-0.9668,0.0000
0.2615,-0.9652,0.0000
0.2676,-0.9635,0.0000
0.2737,-0.9618,0.0000
0.2798,-0.9601,0.0000
0.2859,-0.9583,0.0000
0.2920,-0.9564,0.0000
0.2980,-0.9546,0.0000
0.3041,-0.9526,0.0000
0.3101,-0.9507,0.0000
0.3162,-0.9487,0.0000
0.3222,-0.9467,0.0000
0.3282,-0.9446,0.0000
0.3342,-0.9425,0.0000
0.3402,-0.9403,0.0000
0.3462,-0.9382,0.0000
0.3522,-0.9359,0.0000
0.3581,-0.9337,0.0000
0.3641,-0.9314,0.0000
0.3700,-0.9290,0.0000
0.3760,-0.9266,0.0000
0.3819,-0.9242,0.0000
0.3878,-0.9217,0.0000
0.3937,-0.9192,0.0000
0.3996,-0.9167,0.0000
0.4054,-0.9141,0.0000
0.4113,-0.9115,0.0000
0.4171,-0.9088,0.0000
0.4230,-0.9061,0.0000
0.4288,-0.9034,0.0000
0.4346,-0.9006,0.0000
0.4404,-0.8978,0.0000
0.4461,-0.8950,0.0000
0.4519,-0.8921,0.0000
0.4577,-0.8891,0.0000
0.4634,-0.8862,0.0000
0.4691,-0.8831,0.0000
0.4748,-0.8801,0.0000
0.4805,-0.8770,0.0000
0.4862,-0.8739,0.0000
0.4918,-0.8707,0.0000
0.4975,-0.8675,0.0000
0.5031,-0.8642,0.0000
0.5087,-0.8610,0.0000
0.5143,-0.8576,0.0000
0.5199,-0.8543,0.0000
0.5254,-0.8508,0.0000
0.5310,-0.8474,0.0000
0.5365,-0.8439,0.0000
0.5420,-0.8404,0.0000
0.5475,-0.8368,0.0000
0.5529,-0.8332,0.0000
0.5584,-0.8296,0.0000
0.5638,-0.8259,0.0000
0.5692,-0.8222,0.0000
0.5746,-0.8184,0.0000
0.5800,-0.8146,0.0000
0.5854,-0.8108,0.0000
0.5907,-0.8069,0.0000
0.5960,-0.8030,0.0000
0.6013,-0.7990,0.0000
0.6066,-0.7950,0.0000
0.6119,-0.7909,0.0000
0.6171,-0.7869,0.0000
0.6223,-0.7827,0.0000
0.6275,-0.7786,0.0000
0.6327,-0.7744,0.0000
0.6379,-0.7701,0.0000
0.6430,-0.7659,0.0000
0.6481,-0.7615,0.0000
0.6532,-0.7572,0.0000
0.6583,-0.7528,0.0000
0.6633,-0.7483,0.0000
0.6684,-0.7438,0.0000
0.6734,-0.7393,0.0000
0.6783,-0.7348,0.0000
0.6833,-0.7301,0.0000
0.6882,-0.7255,0.0000
0.6931,-0.7208,0.0000
0.6980,-0.7161,0.0000
0.7029,-0.7113,0.0000
0.7077,-0.7065,0.0000
0.7125,-0.7017,0.0000
0.7173,-0.6968,0.0000
0.7221,-0.6918,0.0000
0.7268,-0.6869,0.0000
0.7315,-0.6818,0.0000
0.7362,-0.6768,0.0000
0.7408,-0.6717,0.0000
0.7455,-0.6665,0.0000
0.7501,-0.6614,0.0000
0.7546,-0.6561,0.0000
0.7592,-0.6509,0.0000
0.7637,-0.6455,0.0000
0.7682,-0.6402,0.0000
0.7727,-0.6348,0.0000
0.7771,-0.6294,0.0000
0.7815,-0.6239,0.0000
0.7859,-0.6184,0.0000
0.7902,-0.6128,0.0000
0.7946,-0.6072,0.0000
0.7989,-0.6015,0.0000
0.8031,-0.5958,0.0000
0.8073,-0.5901,0.0000
0.8115,-0.5843,0.0000
0.8157,-0.5785,0.0000
0.8198,-0.5726,0.0000
0.8239,-0.5667,0.0000
0.8280,-0.5607,0.0000
