0.7808,0.6248,0.0000
0.7800,0.6258,0.0000
0.7792,0.6268,0.0000
0.7783,0.6278,0.0000
0.7775,0.6288,0.0000
0.7767,0.6299,0.0000
0.7759,0.6309,0.0000
0.7750,0.6319,0.0000
0.7742,0.6330,0.0000
0.7733,0.6340,0.0000
0.7725,0.6350,0.0000
0.7716,0.6361,0.0000
0.7708,0.6371,0.0000
0.7699,0.6382,0.0000
0.7690,0.6392,0.0000
0.7681,0.6403,0.0000
0.7672,0.6414,0.0000
0.7663,0.6424,0.0000
0.7655,0.6435,0.0000
0.7645,0.6446,0.0000
0.7636,0.6456,0.0000
0.7627,0.6467,0.0000
0.7618,0.6478,0.0000
0.7609,0.6489,0.0000
0.7599,0.6500,0.0000
0.7590,0.6511,0.0000
0.7581,0.6522,0.0000
0.7571,0.6533,0.0000
0.7562,0.6544,0.0000
0.7552,0.6555,0.0000
0.7543,0.6566,0.0000
0.7533,0.6577,0.0000
0.7523,0.6588,0.0000
0.7513,0.6599,0.0000
0.7504,0.6610,0.0000
0.7494,0.6621,0.0000
0.7484,0.6633,0.0000
0.7474,0.6644,0.0000
0.7464,0.6655,0.0000
0.7454,0.6666,0.0000
0.7444,0.6677,0.0000
0.7434,0.6689,0.0000
0.7424,0.6700,0.0000
0.7414,0.6711,0.0000
0.7403,0.6722,0.0000
0.7393,0.6734,0.0000
0.7383,0.6745,0.0000
0.7373,0.6756,0.0000
0.7362,0.6767,0.0000
0.7352,0.6779,0.0000
0.7341,0.6790,0.0000
0.7331,0.6801,0.0000
0.7320,0.6813,0.0000
0.7310,0.6824,0.0000
0.7299,0.6835,0.0000
0.7289,0.6846,0.0000
0.7278,0.6858,0.0000
0.7267,0.6869,0.0000
0.7257,0.6880,0.0000
0.7246,0.6892,0.0000
0.7235,0.6903,0.0000
0.7225,0.6914,0.0000
0.7214,0.6925,0.0000
0.7203,0.6937,0.0000
0.7192,0.6948,0.0000
0.7181,0.6959,0.0000
0.7170,0.6970,0.0000
0.7159,0.6982,0.0000
0.7148,0.6993,0.0000
0.7137,0.7004,0.0000
0.7126,0.7015,0.0000
0.7115,0.7027,0.0000
0.7104,0.7038,0.0000
0.7093,0.7049,0.0000
0.7082,0.7060,0.0000
0.7071,0.7071,0.0000
0.7060,0.7082,0.0000
0.7049,0.7093,0.0000
0.7038,0.7104,0.0000
0.7027,0.7115,0.0000
0.7015,0.7126,0.0000
0.7004,0.7137,0.0000
0.6993,0.7148,0.0000
0.6982,0.7159,0.0000
0.6970,0.7170,0.0000
0.6959,0.7181,0.0000
0.6948,0.7192,0.0000
0.6937,0.7203,0.0000
0.6925,0.7214,0.0000
0.6914,0.7225,0.0000
0.6903,0.7235,0.0000
0.6892,0.7246,0.0000
0.6880,0.7257,0.0000
0.6869,0.7267,0.0000
0.6858,0.7278,0.0000
0.6846,0.7289,0.0000
0.6835,0.7299,0.0000
0.6824,0.7310,0.0000
0.6813,0.7320,0.0000
0.6801,0.7331,0.0000
0.6790,0.7341,0.0000
0.6779,0.7352,0.0000
0.6767,0.7362,0.0000
0.6756,0.7373,0.0000
0.6745,0.7383,0.0000
0.6734,0.7393,0.0000
0.6722,0.7403,0.0000
0.6711,0.7414,0.0000
0.6700,0.7424,0.0000
0.6689,0.7434,0.0000
0.6677,0.7444,0.0000
0.6666,0.7454,0.0000
0.6655,0.7464,0.0000
0.6644,0.7474,0.0000
0.6633,0.7484,0.0000
0.6621,0.7494,0.0000
0.6610,0.7504,0.0000
0.6599,0.7513,0.0000
0.6588,0.7523,0.0000
0.6577,0.7533,0.0000
0.6566,0.7543,0.0000
0.6555,0.7552,0.0000
0.6544,0.7562,0.0000
0.6533,0.7571,0.0000
0.6522,0.7581,0.0000
0.6511,0.7590,0.0000
0.6500,0.7599,0.0000
0.6489,0.7609,0.0000
0.6478,0.7618,0.0000
0.6467,0.7627,0.0000
0.6456,0.7636,0.0000
0.6446,0.7645,0.0000
0.6435,0.7655,0.0000
0.6424,0.7663,0.0000
0.6414,0.7672,0.0000
0.6403,0.7681,0.0000
0.6392,0.7690,0.0000
0.6382,0.7699,0.0000
0.6371,0.7708,0.0000
0.6361,0.7716,0.0000
0.6350,0.7725,0.0000
0.6340,0.7733,0.0000
0.6330,0.7742,0.0000
0.6319,0.7750,0.0000
0.6309,0.7759,0.0000
0.6299,0.7767,0.0000
0.6288,0.7775,0.0000
0.6278,0.7783,0.0000
0.6268,0.7792,0.0000
0.6258,0.7800,0.0000
0.6248,0.7808,0.0000
0.6238,0.7816,0.0000
0.6228,0.7823,0.0000
0.6219,0.7831,0.0000
0.6209,0.7839,0.0000
0.6199,0.7847,0.0000
0.6190,0.7854,0.0000
0.6180,0.7862,0.0000
0.6170,0.7869,0.0000
0.6161,0.7877,0.0000
0.6152,0.7884,0.0000
0.6142,0.7891,0.0000
0.6133,0.7899,0.0000
0.6124,0.7906,0.0000
0.6115,0.7913,0.0000
0.6106,0.7920,0.0000
0.6097,0.7927,0.0000
0.6088,0.7934,0.0000
0.6079,0.7940,0.0000
0.6070,0.7947,0.0000
0.6061,0.7954,0.0000
0.6053,0.7960,0.0000
0.6044,0.7967,0.0000
0.6036,0.7973,0.0000
0.6027,0.7979,0.0000
0.6019,0.7986,0.0000
0.6011,0.7992,0.0000
0.6003,0.7998,0.0000
0.5995,0.8004,0.0000
0.5987,0.8010,0.0000
0.5979,0.8016,0.0000
0.5971,0.8022,0.0000
0.5963,0.8027,0.0000
0.5956,0.8033,0.0000
0.5948,0.8039,0.0000
0.5941,0.8044,0.0000
0.5933,0.8050,0.0000
0.5926,0.8055,0.0000
0.5919,0.8060,0.0000
0.5912,0.8065,0.0000
0.5905,0.8070,0.0000
0.5898,0.8075,0.0000
0.5891,0.8080,0.0000
0.5885,0.8085,0.0000
0.5878,0.8090,0.0000
0.5872,0.8095,0.0000
0.5865,0.8099,0.0000
0.5859,0.8104,0.0000
0.5853,0.8108,0.0000
0.5847,0.8112,0.0000
0.5841,0.8117,0.0000
0.5836,0.8121,0.0000
0.5830,0.8125,0.0000
0.5824,0.8129,0.0000
0.5819,0.8133,0.0000
0.5814,0.8136,0.0000
0.5808,0.8140,0.0000
0.5803,0.8144,0.0000
0.5799,0.8147,0.0000
0.5794,0.8151,0.0000
0.5789,0.8154,0.0000
0.5784,0.8157,0.0000
0.5780,0.8160,0.0000
0.5776,0.8163,0.0000
0.5772,0.8166,0.0000
0.5768,0.8169,0.0000
0.5764,0.8172,0.0000
0.5760,0.8175,0.0000
0.5756,0.8177,0.0000
0.5753,0.8180,0.0000
0.5749,0.8182,0.0000
0.5746,0.8184,0.0000
0.5743,0.8186,0.0000
0.5740,0.8188,0.0000
0.5737,0.8190,0.0000
0.5735,0.8192,0.0000
0.5732,0.8194,0.0000
0.5730,0.8196,0.0000
0.5728,0.8197,0.0000
0.5725,0.8199,0.0000
0.5723,0.8200,0.0000
0.5722,0.8201,0.0000
0.5720,0.8202,0.0000
0.5719,0.8204,0.0000
0.5717,0.8204,0.0000
0.5716,0.8205,0.0000
0.5715,0.8206,0.0000
0.5714,0.8207,0.0000
0.5714,0.8207,0.0000
0.5713,0.8207,0.0000
0.5713,0.8208,0.0000
0.5712,0.8208,0.0000
0.5712,0.8208,0.0000
0.5712,0.8208,0.0000
0.5713,0.8208,0.0000
0.5713,0.8207,0.0000
0.5714,0.8207,0.0000
0.5714,0.8206,0.0000
0.5715,0.8206,0.0000
0.5716,0.8205,0.0000
0.5718,0.8204,0.0000
0.5719,0.8203,0.0000
0.5721,0.8202,0.0000
0.5722,0.8201,0.0000
0.5724,0.8200,0.0000
0.5726,0.8198,0.0000
0.5729,0.8197,0.0000
0.5731,0.8195,0.0000
0.5734,0.8193,0.0000
0.5736,0.8191,0.0000
0.5739,0.8189,0.0000
0.5743,0.8187,0.0000
0.5746,0.8184,0.0000
0.5749,0.8182,0.0000
0.5753,0.8179,0.0000
0.5757,0.8177,0.0000
0.5761,0.8174,0.0000
0.5765,0.8171,0.0000
0.5769,0.8168,0.0000
0.5774,0.8165,0.0000
0.5779,0.8161,0.0000
0.5783,0.8158,0.0000
0.5789,0.8154,0.0000
0.5794,0.8151,0.0000
0.5799,0.8147,0.0000
0.5805,0.8143,0.0000
0.5811,0.8139,0.0000
0.5817,0.8134,0.0000
0.5823,0.8130,0.0000
0.5829,0.8125,0.0000
0.5836,0.8121,0.0000
0.5842,0.8116,0.0000
0.5849,0.8111,0.0000
0.5856,0.8106,0.0000
0.5863,0.8101,0.0000
0.5871,0.8095,0.0000
0.5878,0.8090,0.0000
0.5886,0.8084,0.0000
0.5894,0.8078,0.0000
0.5902,0.8073,0.0000
0.5910,0.8067,0.0000
0.5919,0.8060,0.0000
0.5927,0.8054,0.0000
0.5936,0.8048,0.0000
0.5945,0.8041,0.0000
0.5954,0.8034,0.0000
0.5963,0.8027,0.0000
0.5973,0.8020,0.0000
0.5982,0.8013,0.0000
0.5992,0.8006,0.0000
0.6002,0.7998,0.0000
0.6012,0.7991,0.0000
0.6023,0.7983,0.0000
0.6033,0.7975,0.0000
0.6044,0.7967,0.0000
0.6054,0.7959,0.0000
0.6065,0.7951,0.0000
0.6076,0.7942,0.0000
0.6088,0.7934,0.0000
0.6099,0.7925,0.0000
0.6111,0.7916,0.0000
0.6122,0.7907,0.0000
0.6134,0.7898,0.0000
0.6146,0.7888,0.0000
0.6158,0.7879,0.0000
0.6170,0.7869,0.0000
0.6183,0.7860,0.0000
0.6195,0.7850,0.0000
0.6208,0.7840,0.0000
0.6221,0.7829,0.0000
0.6234,0.7819,0.0000
0.6247,0.7809,0.0000
0.6260,0.7798,0.0000
0.6273,0.7787,0.0000
0.6287,0.7777,0.0000
0.6301,0.7766,0.0000
0.6314,0.7754,0.0000
0.6328,0.7743,0.0000
0.6342,0.7732,0.0000
0.6356,0.7720,0.0000
0.6370,0.7709,0.0000
0.6384,0.7697,0.0000
0.6399,0.7685,0.0000
0.6413,0.7673,0.0000
0.6428,0.7661,0.0000
0.6442,0.7648,0.0000
0.6457,0.7636,0.0000
0.6472,0.7623,0.0000
0.6487,0.7610,0.0000
0.6502,0.7598,0.0000
0.6517,0.7585,0.0000
0.6532,0.7572,0.0000
0.6547,0.7559,0.0000
0.6563,0.7545,0.0000
0.6578,0.7532,0.0000
0.6594,0.7518,0.0000
0.6609,0.7505,0.0000
0.6625,0.7491,0.0000
0.6640,0.7477,0.0000
0.6656,0.7463,0.0000
0.6672,0.7449,0.0000
0.6687,0.7435,0.0000
0.6703,0.7421,0.0000
0.6719,0.7406,0.0000
0.6735,0.7392,0.0000
0.6751,0.7377,0.0000
0.6767,0.7363,0.0000
0.6783,0.7348,0.0000
0.6799,0.7333,0.0000
0.6815,0.7318,0.0000
0.6831,0.7303,0.0000
0.6847,0.7288,0.0000
0.6863,0.7273,0.0000
0.6879,0.7258,0.0000
0.6895,0.7243,0.0000
0.6911,0.7227,0.0000
0.6927,0.7212,0.0000
0.6943,0.7197,0.0000
0.6959,0.7181,0.0000
0.6975,0.7166,0.0000
0.6991,0.7150,0.0000
0.7007,0.7134,0.0000
0.7023,0.7118,0.0000
0.7039,0.7103,0.0000
0.7055,0.7087,0.0000
0.7071,0.7071,0.0000
0.7087,0.7055,0.0000
0.7103,0.7039,0.0000
0.7118,0.7023,0.0000
0.7134,0.7007,0.0000
0.7150,0.6991,0.0000
0.7166,0.6975,0.0000
0.7181,0.6959,0.0000
0.7197,0.6943,0.0000
0.7212,0.6927,0.0000
0.7227,0.6911,0.0000
0.7243,0.6895,0.0000
0.7258,0.6879,0.0000
0.7273,0.6863,0.0000
0.7288,0.6847,0.0000
0.7303,0.6831,0.0000
0.7318,0.6815,0.0000
0.7333,0.6799,0.0000
0.7348,0.6783,0.0000
0.7363,0.6767,0.0000
0.7377,0.6751,0.0000
0.7392,0.6735,0.0000
0.7406,0.6719,0.0000
0.7421,0.6703,0.0000
0.7435,0.6687,0.0000
0.7449,0.6672,0.0000
0.7463,0.6656,0.0000
0.7477,0.6640,0.0000
0.7491,0.6625,0.0000
0.7505,0.6609,0.0000
0.7518,0.6594,0.0000
0.7532,0.6578,0.0000
0.7545,0.6563,0.0000
0.7559,0.6547,0.0000
0.7572,0.6532,0.0000
0.7585,0.6517,0.0000
0.7598,0.6502,0.0000
0.7610,0.6487,0.0000
0.7623,0.6472,0.0000
0.7636,0.6457,0.0000
0.7648,0.6442,0.0000
0.7661,0.6428,0.0000
0.7673,0.6413,0.0000
0.7685,0.6399,0.0000
0.7697,0.6384,0.0000
0.7709,0.6370,0.0000
0.7720,0.6356,0.0000
0.7732,0.6342,0.0000
0.7743,0.6328,0.0000
0.7754,0.6314,0.0000
0.7766,0.6301,0.0000
0.7777,0.6287,0.0000
0.7787,0.6273,0.0000
0.7798,0.6260,0.0000
0.7809,0.6247,0.0000
0.7819,0.6234,0.0000
0.7829,0.6221,0.0000
0.7840,0.6208,0.0000
0.7850,0.6195,0.0000
0.7860,0.6183,0.0000
0.7869,0.6170,0.0000
0.7879,0.6158,0.0000
0.7888,0.6146,0.0000
0.7898,0.6134,0.0000
0.7907,0.6122,0.0000
0.7916,0.6111,0.0000
0.7925,0.6099,0.0000
0.7934,0.6088,0.0000
0.7942,0.6076,0.0000
0.7951,0.6065,0.0000
0.7959,0.6054,0.0000
0.7967,0.6044,0.0000
0.7975,0.6033,0.0000
0.7983,0.6023,0.0000
0.7991,0.6012,0.0000
0.7998,0.6002,0.0000
0.8006,0.5992,0.0000
0.8013,0.5982,0.0000
0.8020,0.5973,0.0000
0.8027,0.5963,0.0000
0.8034,0.5954,0.0000
0.8041,0.5945,0.0000
0.8048,0.5936,0.0000
0.8054,0.5927,0.0000
0.8060,0.5919,0.0000
0.8067,0.5910,0.0000
0.8073,0.5902,0.0000
0.8078,0.5894,0.0000
0.8084,0.5886,0.0000
0.8090,0.5878,0.0000
0.8095,0.5871,0.0000
0.8101,0.5863,0.0000
0.8106,0.5856,0.0000
0.8111,0.5849,0.0000
0.8116,0.5842,0.0000
0.8121,0.5836,0.0000
0.8125,0.5829,0.0000
0.8130,0.5823,0.0000
0.8134,0.5817,0.0000
0.8139,0.5811,0.0000
0.8143,0.5805,0.0000
0.8147,0.5799,0.0000
0.8151,0.5794,0.0000
0.8154,0.5789,0.0000
0.8158,0.5783,0.0000
0.8161,0.5779,0.0000
0.8165,0.5774,0.0000
0.8168,0.5769,0.0000
0.8171,0.5765,0.0000
0.8174,0.5761,0.0000
0.8177,0.5757,0.0000
0.8179,0.5753,0.0000
0.8182,0.5749,0.0000
0.8184,0.5746,0.0000
0.8187,0.5743,0.0000
0.8189,0.5739,0.0000
0.8191,0.5736,0.0000
0.8193,0.5734,0.0000
0.8195,0.5731,0.0000
0.8197,0.5729,0.0000
0.8198,0.5726,0.0000
0.8200,0.5724,0.0000
0.8201,0.5722,0.0000
0.8202,0.5721,0.0000
0.8203,0.5719,0.0000
0.8204,0.5718,0.0000
0.8205,0.5716,0.0000
0.8206,0.5715,0.0000
0.8206,0.5714,0.0000
0.8207,0.5714,0.0000
0.8207,0.5713,0.0000
0.8208,0.5713,0.0000
0.8208,0.5712,0.0000
0.8208,0.5712,0.0000
0.8208,0.5712,0.0000
0.8208,0.5713,0.0000
0.8207,0.5713,0.0000
0.8207,0.5714,0.0000
0.8207,0.5714,0.0000
0.8206,0.5715,0.0000
0.8205,0.5716,0.0000
0.8204,0.5717,0.0000
0.8204,0.5719,0.0000
0.8202,0.5720,0.0000
0.8201,0.5722,0.0000
0.8200,0.5723,0.0000
0.8199,0.5725,0.0000
0.8197,0.5728,0.0000
0.8196,0.5730,0.0000
0.8194,0.5732,0.0000
0.8192,0.5735,0.0000
0.8190,0.5737,0.0000
0.8188,0.5740,0.0000
0.8186,0.5743,0.0000
0.8184,0.5746,0.0000
0.8182,0.5749,0.0000
0.8180,0.5753,0.0000
0.8177,0.5756,0.0000
0.8175,0.5760,0.0000
0.8172,0.5764,0.0000
0.8169,0.5768,0.0000
0.8166,0.5772,0.0000
0.8163,0.5776,0.0000
0.8160,0.5780,0.0000
0.8157,0.5784,0.0000
0.8154,0.5789,0.0000
0.8151,0.5794,0.0000
0.8147,0.5799,0.0000
0.8144,0.5803,0.0000
0.8140,0.5808,0.0000
0.8136,0.5814,0.0000
0.8133,0.5819,0.0000
0.8129,0.5824,0.0000
0.8125,0.5830,0.0000
0.8121,0.5836,0.0000
0.8117,0.5841,0.0000
0.8112,0.5847,0.0000
0.8108,0.5853,0.0000
0.8104,0.5859,0.0000
0.8099,0.5865,0.0000
0.8095,0.5872,0.0000
0.8090,0.5878,0.0000
0.8085,0.5885,0.0000
0.8080,0.5891,0.0000
0.8075,0.5898,0.0000
0.8070,0.5905,0.0000
0.8065,0.5912,0.0000
0.8060,0.5919,0.0000
0.8055,0.5926,0.0000
0.8050,0.5933,0.0000
0.8044,0.5941,0.0000
0.8039,0.5948,0.0000
0.8033,0.5956,0.0000
0.8027,0.5963,0.0000
0.8022,0.5971,0.0000
0.8016,0.5979,0.0000
0.8010,0.5987,0.0000
0.8004,0.5995,0.0000
0.7998,0.6003,0.0000
0.7992,0.6011,0.0000
0.7986,0.6019,0.0000
0.7979,0.6027,0.0000
0.7973,0.6036,0.0000
0.7967,0.6044,0.0000
0.7960,0.6053,0.0000
0.7954,0.6061,0.0000
0.7947,0.6070,0.0000
0.7940,0.6079,0.0000
0.7934,0.6088,0.0000
0.7927,0.6097,0.0000
0.7920,0.6106,0.0000
0.7913,0.6115,0.0000
0.7906,0.6124,0.0000
0.7899,0.6133,0.0000
0.7891,0.6142,0.0000
0.7884,0.6152,0.0000
0.7877,0.6161,0.0000
0.7869,0.6170,0.0000
0.7862,0.6180,0.0000
0.7854,0.6190,0.0000
0.7847,0.6199,0.0000
0.7839,0.6209,0.0000
0.7831,0.6219,0.0000
0.7823,0.6228,0.0000
0.7816,0.6238,0.0000
